-149.63662
-4299.62433
-2371.42385
-2051.22099
-2545.04493
-935.36901
-1582.28705
-1707.70820
-943.84517
-2425.04478
-2228.03090
-1799.87894
-1782.91845
-2594.90138
-2303.26103
-1642.72614
-1654.04376
-1525.69180
-1371.18213
-739.71328
-532.14878
-193.47457
-617.29349
-1078.62315
-1003.03145
-1576.95832
-1630.20541
-1836.36880
-2934.42704
-1223.87906
-1338.75839
-1191.80287
-625.44725
-473.59621
-1138.09149
-416.23529
-149.73058
-691.38529
-1553.52149
-1563.36259
-1726.83074
-3266.33252
-3406.19113
-3813.74157
-3140.58247
-2742.21016
-2711.98145
-1684.82769
-891.02337
-1352.38684
-1767.66662
-1126.34521
-141.35491
-11.93083
-47.55878
-395.79521
-1346.14807
-1223.29489
-2426.01446
-2540.10027
